F_M2N
-1 -1.21744e-16 0 -0.108532 
1.22465e-16 -1 0 28.6202 
-0 0 1 -5.99369 
0 0 0 1 
F_M1R
-1 0 0 -30.1213 
0 -1 0 -0.292998 
0 0 1 -90.6772 
0 0 0 1 
-60, 400
F_OM1
0.983119 0.0850688 0.161987 224.58 
0.175624 -0.190466 -0.965857 7.09226 
-0.0513112 0.978001 -0.202191 1506.95 
0 0 0 1 
F_OM2
0.963213 -0.193147 0.186854 198.002 
0.154389 -0.171402 -0.973029 138.221 
0.219965 0.966083 -0.135277 1144.11 
0 0 0 1 
F_RN measured
0.962781 -0.26956 -0.0197546 -37.7011 
0.267659 0.961045 -0.068924 354.733 
0.0375642 0.0610712 0.997426 25.3607 
0 0 0 1 
F_RN expected
0.94651 -0.322674 0 -44.6085 
0.322674 0.94651 0 354.851 
-0 0 1 0 
0 0 0 1 
expected needle
-60 400 -115
actual needle
-48.2873 408.501 -86.4303
difference vector
11.7127 8.50144 28.5697
difference magnitude
32.0264
-60, 420
F_OM1
0.983082 0.0846928 0.162408 224.603 
0.175779 -0.187 -0.966505 7.0148 
-0.0514859 0.978702 -0.198723 1507.21 
0 0 0 1 
F_OM2
0.971564 -0.1675 0.167353 195.558 
0.128067 -0.222741 -0.966429 143.302 
0.199154 0.96038 -0.194956 1126.16 
0 0 0 1 
F_RN measured
0.967385 -0.253266 -0.00468108 -37.7622 
0.253248 0.967393 -0.00409154 372.956 
0.00556469 0.00277263 0.999981 23.8899 
0 0 0 1 
F_RN expected
0.9562 -0.292714 0 -46.0375 
0.292714 0.9562 0 374.389 
-0 0 1 0 
0 0 0 1 
expected needle
-60 420 -115
actual needle
-49.3046 419.571 -90.9756
difference vector
10.6954 -0.428867 24.0244
difference magnitude
26.3011
-40, 400
F_OM1
0.983135 0.0852849 0.161779 224.569 
0.175575 -0.192591 -0.965444 7.10618 
-0.0511805 0.977566 -0.204317 1506.81 
0 0 0 1 
F_OM2
0.98602 -0.104916 0.129449 180.08 
0.102777 -0.228546 -0.968093 136.884 
0.131154 0.967863 -0.214568 1145.26 
0 0 0 1 
F_RN measured
0.980723 -0.19281 0.0317253 -22.2379 
0.19251 0.981218 0.0122676 353.796 
-0.0334948 -0.00592366 0.999421 26.2326 
0 0 0 1 
F_RN expected
0.975133 -0.221621 0 -29.4287 
0.221621 0.975133 0 353.486 
-0 0 1 0 
0 0 0 1 
expected needle
-40 400 -115
actual needle
-35.0834 399.189 -88.9834
difference vector
4.91665 -0.810616 26.0166
difference magnitude
26.4895
-40, 420
F_OM1
0.983099 0.0846669 0.162318 224.589 
0.175738 -0.188002 -0.966318 7.02767 
-0.0512991 0.978513 -0.199704 1507.15 
0 0 0 1 
F_OM2
0.987596 -0.0755312 0.137657 177.16 
0.112966 -0.267119 -0.957019 141.512 
0.109056 0.960699 -0.255273 1127.78 
0 0 0 1 
F_RN measured
0.985163 -0.170481 0.0197594 -21.721 
0.169091 0.98388 0.0582121 371.734 
-0.0293649 -0.0540072 0.998109 24.3456 
0 0 0 1 
F_RN expected
0.979804 -0.19996 0 -30.4619 
0.19996 0.979804 0 373.263 
-0 0 1 0 
0 0 0 1 
expected needle
-40 420 -115
actual needle
-32.1252 411.971 -93.0131
difference vector
7.87476 -8.02942 21.9869
difference magnitude
24.6963
-40, 440
F_OM1
0.983083 0.0846065 0.162449 224.607 
0.175807 -0.187081 -0.966485 7.00767 
-0.0513797 0.978694 -0.198791 1507.25 
0 0 0 1 
F_OM2
0.997877 -0.0489948 -0.0428955 175.027 
-0.0565817 -0.326291 -0.943574 146.685 
0.0322338 0.943999 -0.328371 1108.49 
0 0 0 1 
F_RN measured
0.969393 -0.154033 0.191186 -23.0565 
0.126559 0.980784 0.148479 391.355 
-0.210382 -0.119738 0.970259 24.486 
0 0 0 1 
F_RN expected
0.983282 -0.182089 0 -31.3143 
0.182089 0.983282 0 393.097 
-0 0 1 0 
0 0 0 1 
expected needle
-40 440 -115
actual needle
-52.3901 421.064 -92.8053
difference vector
-12.3901 -18.9362 22.1947
difference magnitude
31.697
-20, 380
F_OM1
0.983119 0.0854664 0.161779 224.571 
0.175602 -0.192398 -0.965478 7.0961 
-0.05139 0.977588 -0.204158 1506.87 
0 0 0 1 
F_OM2
0.999915 0.0130426 -0.000126271 161.938 
0.00406411 -0.320745 -0.947157 132.58 
-0.0123939 0.947076 -0.320771 1166.14 
0 0 0 1 
F_RN measured
0.984386 -0.0921711 0.149962 -6.24546 
0.0725611 0.988675 0.131361 333.223 
-0.160371 -0.118429 0.979926 26.4547 
0 0 0 1 
F_RN expected
0.991882 -0.127164 0 -13.9343 
0.127164 0.991882 0 332.687 
-0 0 1 0 
0 0 0 1 
expected needle
-20 380 -115
actual needle
-27.8876 365.276 -91.8859
difference vector
-7.88764 -14.7239 23.1141
difference magnitude
28.5179
-20, 400
