F_M2N
-1 -1.22463e-16 0 0.00558085 
1.22465e-16 -1 0 28.3789 
-0 0 1 -5.49509 
0 0 0 1 
F_OM home
0.939405 -0.336831 -0.0637405 96.9198 
-0.127139 -0.169651 -0.977269 19.7688 
0.318361 0.926155 -0.202196 798.922 
0 0 0 1 
F_M1R
-0.998873 -0.0432669 -0.0195181 54.5069 
-0.0248241 0.125706 0.991757 -99.4301 
-0.0404567 0.991124 -0.126639 -352.921 
0 0 0 1 
-5, 415
F_OM1
0.917534 0.0015288 0.397654 43.9275 
-0.118898 -0.953192 0.278007 -34.2947 
0.379466 -0.302361 -0.874405 824.736 
0 0 0 1 
F_OM2
0.931428 -0.350658 -0.0973688 97.918 
-0.162 -0.159924 -0.973745 15.775 
0.32588 0.922748 -0.205765 808.906 
0 0 0 1 
F_RN measured
0.999472 0.00413349 0.0322427 -1.06447 
-0.00408264 0.99999 -0.00164276 378.056 
-0.0322492 0.00151026 0.999479 -0.0259127 
0 0 0 1 
F_RN expected
0.999762 -0.0218289 0 -3.95876 
0.0218289 0.999762 0 367.311 
-0 0 1 0 
0 0 0 1 
expected needle
-5 415 -115
actual needle
-4.57521 425.945 -114.894
difference vector
0.424791 10.9446 0.106074
difference magnitude
10.9533
0, 410
F_OM1
0.92521 -0.00215494 0.379449 38.5106 
-0.117206 -0.952709 0.280372 -35.3138 
0.360901 -0.303876 -0.881709 828.768 
0 0 0 1 
F_OM2
0.937107 -0.338107 -0.0866867 91.9316 
-0.145566 -0.152842 -0.977471 14.6751 
0.317241 0.928613 -0.192446 811.548 
0 0 0 1 
F_RN measured
0.999866 -0.00323524 0.0160324 -0.5588 
0.0033973 0.999943 -0.0100916 378.394 
-0.0159989 0.0101448 0.999821 0.048345 
0 0 0 1 
F_RN expected
1 0 0 0 
0 1 0 362.3 
0 0 1 0 
0 0 0 1 
expected needle
0 410 -115
actual needle
-2.55685 427.251 -114.447
difference vector
-2.55685 17.2514 0.552888
difference magnitude
17.4486
5, 410
F_OM1
0.932837 -0.00148361 0.360295 35.0036 
-0.111492 -0.952098 0.284743 -35.3034 
0.342614 -0.305789 -0.888318 829.021 
0 0 0 1 
F_OM2
0.945765 -0.315006 -0.0793657 87.5139 
-0.133483 -0.154107 -0.978996 14.9993 
0.296159 0.936495 -0.187797 810.583 
0 0 0 1 
F_RN measured
0.999947 0.000659978 0.0103123 -0.354917 
-0.000519518 0.999907 -0.0136174 378.599 
-0.0103203 0.0136113 0.999854 0.109145 
0 0 0 1 
F_RN expected
0.999751 0.0223159 0 3.93553 
-0.0223159 0.999751 0 362.312 
0 -0 1 0 
0 0 0 1 
expected needle
5 410 -115
actual needle
-1.50935 427.861 -114.225
difference vector
-6.50935 17.861 0.775184
difference magnitude
19.026
10, 410
F_OM1
0.940691 -0.00160385 0.339261 31.2422 
-0.105307 -0.951977 0.287491 -35.1393 
0.322507 -0.306167 -0.895685 828.707 
0 0 0 1 
F_OM2
0.951899 -0.295497 -0.0810505 83.1776 
-0.131855 -0.156259 -0.978876 15.472 
0.27659 0.942478 -0.187705 809.16 
0 0 0 1 
F_RN measured
0.99989 -0.00109149 0.0147927 -0.496321 
0.0012942 0.999905 -0.0137009 378.656 
-0.0147763 0.0137185 0.999797 0.149135 
0 0 0 1 
F_RN expected
0.999005 0.0445984 0 7.87265 
-0.0445984 0.999005 0 362.347 
0 -0 1 0 
0 0 0 1 
expected needle
10 410 -115
actual needle
-2.24954 427.927 -114.173
difference vector
-12.2495 17.9274 0.826886
difference magnitude
21.7285
20, 410
F_OM1
0.953508 -0.00757815 0.301274 24.7036 
-0.0994056 -0.951644 0.290674 -34.6364 
0.284503 -0.307108 -0.908154 827.415 
0 0 0 1 
F_OM2
0.961775 -0.273216 -0.0184723 74.1222 
-0.0668955 -0.169001 -0.983343 16.696 
0.265543 0.946991 -0.180818 805.844 
0 0 0 1 
F_RN measured
0.998686 -0.0176084 -0.0481275 1.67609 
0.0175003 0.999843 -0.00266614 378.339 
0.0481669 0.00182039 0.998838 0.235309 
0 0 0 1 
F_RN expected
0.996038 0.0889319 0 15.7579 
-0.0889319 0.996038 0 362.489 
0 -0 1 0 
0 0 0 1 
expected needle
20 410 -115
actual needle
6.37083 426.338 -114.544
difference vector
-13.6292 16.3382 0.455813
difference magnitude
21.2814
30, 410
F_OM1
0.965745 -0.00962601 0.259316 17.7538 
-0.0883272 -0.951834 0.293615 -34.2984 
0.244 -0.306462 -0.920079 826.162 
0 0 0 1 
F_OM2
0.973064 -0.229899 -0.0170972 65.6766 
-0.0587681 -0.175659 -0.982695 17.659 
0.222918 0.957231 -0.184438 802.595 
0 0 0 1 
F_RN measured
0.998861 -0.0161816 -0.0448956 1.56106 
0.0162625 0.999867 0.00143689 378.268 
0.0448664 -0.00216537 0.998991 0.257538 
0 0 0 1 
F_RN expected
0.99115 0.132743 0 23.6681 
-0.132743 0.99115 0 362.722 
0 -0 1 0 
0 0 0 1 
expected needle
30 410 -115
actual needle
5.95219 425.796 -114.73
difference vector
-24.0478 15.7964 0.270325
difference magnitude
28.7732
20, 410
F_OM1
0.955942 0.000238264 0.293554 23.7381 
-0.0883134 -0.95344 0.288361 -35.2716 
0.279955 -0.301581 -0.911413 826.853 
0 0 0 1 
F_OM2
0.96675 -0.245557 -0.0713931 73.6654 
-0.117441 -0.178326 -0.976938 16.6685 
0.227162 0.952839 -0.201235 805.342 
0 0 0 1 
F_RN measured
0.999819 0.00466425 0.0184609 -0.540836 
-0.00481576 0.999955 0.00817138 378.011 
-0.0184219 -0.0082588 0.999796 0.0934007 
0 0 0 1 
F_RN expected
0.996038 0.0889319 0 15.7579 
-0.0889319 0.996038 0 362.489 
0 -0 1 0 
0 0 0 1 
expected needle
20 410 -115
actual needle
-2.44135 424.769 -115.277
difference vector
-22.4414 14.769 -0.277106
difference magnitude
26.8666
10, 410
F_OM1
0.94224 0.00138718 0.334936 30.7398 
-0.0996821 -0.953517 0.284374 -35.6258 
0.319762 -0.301336 -0.898304 828.004 
0 0 0 1 
F_OM2
0.954749 -0.287464 -0.076277 82.1691 
-0.129913 -0.172389 -0.976424 15.6555 
0.267538 0.94215 -0.201933 808.629 
0 0 0 1 
F_RN measured
0.999802 0.00443839 0.0193741 -0.572143 
-0.00454818 0.999974 0.00562654 378.002 
-0.0193486 -0.00571354 0.999796 0.0583169 
0 0 0 1 
F_RN expected
0.999005 0.0445984 0 7.87265 
-0.0445984 0.999005 0 362.347 
0 -0 1 0 
0 0 0 1 
expected needle
10 410 -115
actual needle
-2.58845 425.053 -115.191
difference vector
-12.5885 15.0535 -0.190814
difference magnitude
19.6243
5, 410
F_OM1
0.934674 0.00170139 0.355501 34.3435 
-0.105585 -0.953538 0.282165 -35.7615 
0.339464 -0.301268 -0.891068 828.483 
0 0 0 1 
F_OM2
0.948012 -0.30904 -0.0759389 86.4376 
-0.133839 -0.17069 -0.976193 15.2472 
0.288721 0.935606 -0.203178 810.259 
0 0 0 1 
F_RN measured
0.999847 0.00363093 0.0171244 -0.499868 
-0.00373355 0.999975 0.00596446 377.931 
-0.0171023 -0.00602748 0.999836 0.00428498 
0 0 0 1 
F_RN expected
0.999751 0.0223159 0 3.93553 
-0.0223159 0.999751 0 362.312 
0 -0 1 0 
0 0 0 1 
expected needle
5 410 -115
actual needle
-2.29598 424.944 -115.264
difference vector
-7.29598 14.9442 -0.264317
difference magnitude
16.6322
0, 410
F_OM1
0.926678 0.00169095 0.375853 37.8751 
-0.111698 -0.953572 0.279686 -35.8815 
0.358875 -0.301161 -0.883465 829.067 
0 0 0 1 
F_OM2
0.940508 -0.329993 -0.0809277 90.7633 
-0.141968 -0.16527 -0.975977 14.7196 
0.308691 0.929403 -0.202286 811.93 
0 0 0 1 
F_RN measured
0.999816 0.00299436 0.018963 -0.583389 
-0.00304676 0.999992 0.00273541 377.971 
-0.0189546 -0.00279268 0.999816 -0.0336959 
0 0 0 1 
F_RN expected
1 0 0 0 
0 1 0 362.3 
0 0 1 0 
0 0 0 1 
expected needle
0 410 -115
actual needle
-2.6213 425.356 -115.146
difference vector
-2.6213 15.3559 -0.145798
difference magnitude
15.5787
-5, 410
F_OM1
0.918242 0.00248748 0.396012 41.5557 
-0.117082 -0.953573 0.277472 -35.9863 
0.378316 -0.301152 -0.87532 829.473 
0 0 0 1 
F_OM2
0.932917 -0.351178 -0.0796286 95.0262 
-0.146099 -0.167024 -0.975068 14.4256 
0.329122 0.921291 -0.207126 813.647 
0 0 0 1 
F_RN measured
0.999843 0.00249537 0.0175337 -0.552132 
-0.0026114 0.999975 0.00659803 377.774 
-0.0175168 -0.00664278 0.999825 -0.0746048 
0 0 0 1 
F_RN expected
0.999751 -0.0223159 0 -3.93553 
0.0223159 0.999751 0 362.312 
-0 0 1 0 
0 0 0 1 
expected needle
-5 410 -115
actual needle
-2.44948 424.715 -115.371
difference vector
2.55052 14.7145 -0.371283
difference magnitude
14.9385
-10, 410
F_OM1
0.909507 0.00185063 0.415685 45.128 
-0.123643 -0.953527 0.274772 -36.1244 
0.396875 -0.301303 -0.86701 830.03 
0 0 0 1 
F_OM2
0.924368 -0.371446 -0.0870128 99.4261 
-0.155531 -0.15865 -0.975008 13.7688 
0.348358 0.9148 -0.204422 815.223 
0 0 0 1 
F_RN measured
0.999795 0.00159161 0.0201991 -0.678809 
-0.001604 0.999999 0.000596954 377.923 
-0.0201981 -0.000629231 0.999796 -0.10208 
0 0 0 1 
F_RN expected
0.999005 -0.0445984 0 -7.87265 
0.0445984 0.999005 0 362.347 
-0 0 1 0 
0 0 0 1 
expected needle
-10 410 -115
actual needle
-2.92579 425.554 -115.109
difference vector
7.07421 15.5542 -0.108611
difference magnitude
17.0877
-20, 410
F_OM1
0.891296 0.00388378 0.453406 52.2964 
-0.133599 -0.953322 0.270793 -36.2956 
0.433293 -0.301931 -0.849173 831.136 
0 0 0 1 
F_OM2
0.90716 -0.409652 -0.0961573 107.876 
-0.169727 -0.147123 -0.974447 12.8275 
0.385037 0.9003 -0.202993 818.524 
0 0 0 1 
F_RN measured
0.999704 0.00121658 0.0243182 -0.870964 
-0.00103249 0.999971 -0.00758139 378.08 
-0.0243267 0.00755403 0.999676 -0.144498 
0 0 0 1 
F_RN expected
0.996038 -0.0889319 0 -15.7579 
0.0889319 0.996038 0 362.489 
-0 0 1 0 
0 0 0 1 
expected needle
-20 410 -115
actual needle
-3.60953 426.65 -114.747
difference vector
16.3905 16.6503 0.253144
difference magnitude
23.3654
-30, 410
F_OM1
0.871158 0.00536817 0.490973 59.7364 
-0.14377 -0.953325 0.265522 -36.3874 
0.469482 -0.301898 -0.829725 832.007 
0 0 0 1 
F_OM2
0.888082 -0.447141 -0.106657 116.558 
-0.186284 -0.137952 -0.972763 11.975 
0.420248 0.883762 -0.205808 821.8 
0 0 0 1 
F_RN measured
0.999526 0.00171506 0.0307386 -1.16738 
-0.00134097 0.999925 -0.0121868 378.104 
-0.0307572 0.0121398 0.999453 -0.190439 
0 0 0 1 
F_RN expected
0.99115 -0.132743 0 -23.6681 
0.132743 0.99115 0 362.722 
-0 0 1 0 
0 0 0 1 
expected needle
-30 410 -115
actual needle
-4.6205 427.202 -114.548
difference vector
25.3795 17.2015 0.451513
difference magnitude
30.6629
-20, 410
F_OM1
0.887278 -0.00486095 0.46121 53.4771 
-0.145249 -0.952012 0.269398 -35.7988 
0.437768 -0.306021 -0.845405 831.189 
0 0 0 1 
F_OM2
0.899291 -0.433436 -0.0583886 108.821 
-0.136416 -0.151146 -0.979053 12.9516 
0.415532 0.888419 -0.195052 819.054 
0 0 0 1 
F_RN measured
0.999555 -0.0169786 -0.0245449 0.727213 
0.0169792 0.999856 -0.000180842 377.765 
0.0245444 -0.000235992 0.999699 -0.0297065 
0 0 0 1 
F_RN expected
0.996038 -0.0889319 0 -15.7579 
0.0889319 0.996038 0 362.489 
-0 0 1 0 
0 0 0 1 
expected needle
-20 410 -115
actual needle
2.74 425.478 -115.006
difference vector
22.74 15.4784 -0.00631527
difference magnitude
27.508
-10, 410
F_OM1
0.906068 -0.00719446 0.423071 46.139 
-0.135879 -0.951847 0.274817 -35.5551 
0.400722 -0.306489 -0.863416 830.266 
0 0 0 1 
F_OM2
0.916721 -0.396939 -0.0453999 100.166 
-0.114403 -0.151923 -0.981749 13.7013 
0.382797 0.905184 -0.184682 815.504 
0 0 0 1 
F_RN measured
0.9991 -0.019639 -0.0376059 1.22729 
0.019481 0.9998 -0.00456544 378.054 
0.0376881 0.00382873 0.999282 0.0518449 
0 0 0 1 
F_RN expected
0.999005 -0.0445984 0 -7.87265 
0.0445984 0.999005 0 362.347 
-0 0 1 0 
0 0 0 1 
expected needle
-10 410 -115
actual needle
4.61519 426.269 -114.683
difference vector
14.6152 16.269 0.31702
difference magnitude
21.872
-5, 410
F_OM1
0.91514 -0.00611461 0.40309 42.4034 
-0.129513 -0.95134 0.279603 -35.3254 
0.381766 -0.308081 -0.871401 830.053 
0 0 0 1 
F_OM2
0.925852 -0.375377 -0.0434642 95.7282 
-0.106747 -0.149469 -0.982987 14.2192 
0.362495 0.914741 -0.178456 813.938 
0 0 0 1 
F_RN measured
0.999091 -0.0184453 -0.0384321 1.29525 
0.0179968 0.999766 -0.0119845 378.382 
0.0386441 0.0112819 0.999189 0.0634118 
0 0 0 1 
F_RN expected
0.999751 -0.0223159 0 -3.93553 
0.0223159 0.999751 0 362.312 
-0 0 1 0 
0 0 0 1 
expected needle
-5 410 -115
actual needle
4.8351 427.449 -114.305
difference vector
9.8351 17.4489 0.694784
difference magnitude
20.0419
0, 410
F_OM1
0.92357 -0.00735153 0.383359 38.7913 
-0.124498 -0.951394 0.281689 -35.1883 
0.362655 -0.307887 -0.879595 829.556 
0 0 0 1 
F_OM2
0.933745 -0.354899 -0.0465564 91.6152 
-0.105446 -0.14844 -0.983284 14.5543 
0.342055 0.923045 -0.176027 812.22 
0 0 0 1 
F_RN measured
0.999242 -0.0181027 -0.0344765 1.17968 
0.0175949 0.999733 -0.0149742 378.53 
0.0347384 0.0143562 0.999293 0.0769705 
0 0 0 1 
F_RN expected
1 0 0 0 
0 1 0 362.3 
0 0 1 0 
0 0 0 1 
expected needle
0 410 -115
actual needle
4.28099 427.939 -114.157
difference vector
4.28099 17.9389 0.843029
difference magnitude
18.4619
5, 410
F_OM1
0.931875 -0.00776089 0.362697 35.1849 
-0.118565 -0.951385 0.28427 -35.0777 
0.342858 -0.307907 -0.887492 829.081 
0 0 0 1 
F_OM2
0.941705 -0.333774 -0.0422566 87.2498 
-0.0987653 -0.154193 -0.983092 15.0962 
0.321615 0.929957 -0.17817 810.671 
0 0 0 1 
F_RN measured
0.999231 -0.0174036 -0.0351358 1.21657 
0.0170041 0.999788 -0.0116382 378.475 
0.0353309 0.0110318 0.999315 0.0818503 
0 0 0 1 
F_RN expected
0.999751 0.0223159 0 3.93553 
-0.0223159 0.999751 0 362.312 
0 -0 1 0 
0 0 0 1 
expected needle
5 410 -115
actual needle
4.42703 427.503 -114.313
difference vector
-0.572972 17.5033 0.686865
difference magnitude
17.5261
10, 410
F_OM1
0.939649 -0.007613 0.342054 31.5928 
-0.11206 -0.951456 0.28666 -34.9272 
0.323267 -0.30769 -0.894888 828.632 
0 0 0 1 
F_OM2
0.949061 -0.312907 -0.0370429 82.8501 
-0.0906238 -0.158472 -0.983196 15.6463 
0.301778 0.93647 -0.178757 809.125 
0 0 0 1 
F_RN measured
0.999181 -0.0169874 -0.0367143 1.28059 
0.0166466 0.999816 -0.00956922 378.462 
0.0368701 0.00895022 0.99928 0.106076 
0 0 0 1 
F_RN expected
0.999005 0.0445984 0 7.87265 
-0.0445984 0.999005 0 362.347 
0 -0 1 0 
0 0 0 1 
expected needle
10 410 -115
actual needle
4.69244 427.254 -114.384
difference vector
-5.30756 17.2541 0.615803
difference magnitude
18.0625
20, 410
F_OM1
0.953541 -0.00761234 0.301167 24.6914 
-0.0994579 -0.951586 0.290847 -34.6341 
0.284372 -0.307288 -0.908134 827.473 
0 0 0 1 
F_OM2
0.962035 -0.272017 -0.0222627 74.1779 
-0.0708846 -0.170257 -0.982847 16.727 
0.26356 0.947111 -0.183075 805.965 
0 0 0 1 
F_RN measured
0.998899 -0.0164098 -0.0439425 1.53946 
0.0163561 0.999865 -0.00158212 378.298 
0.0439625 0.000861648 0.999033 0.221196 
0 0 0 1 
F_RN expected
0.996038 0.0889319 0 15.7579 
-0.0889319 0.996038 0 362.489 
0 -0 1 0 
0 0 0 1 
expected needle
20 410 -115
actual needle
5.8101 426.173 -114.626
difference vector
-14.1899 16.1733 0.373524
difference magnitude
21.519
30, 410
F_OM1
0.965767 -0.00954799 0.259234 17.7635 
-0.0882242 -0.951843 0.293618 -34.3061 
0.243947 -0.306438 -0.920101 826.194 
0 0 0 1 
F_OM2
0.973124 -0.229519 -0.0187448 65.7152 
-0.0602975 -0.175399 -0.982649 17.6451 
0.222248 0.957369 -0.184525 802.628 
0 0 0 1 
F_RN measured
0.998941 -0.0158829 -0.0431759 1.50653 
0.0159488 0.999872 0.00118262 378.27 
0.0431516 -0.00186998 0.999067 0.255928 
0 0 0 1 
F_RN expected
0.99115 0.132743 0 23.6681 
-0.132743 0.99115 0 362.722 
0 -0 1 0 
0 0 0 1 
expected needle
30 410 -115
actual needle
5.71414 425.828 -114.726
difference vector
-24.2859 15.8283 0.274049
difference magnitude
28.9899
20, 410
F_OM1
0.955975 0.000157576 0.293449 23.7292 
-0.0884001 -0.953392 0.288495 -35.2636 
0.279817 -0.301735 -0.911405 826.878 
0 0 0 1 
F_OM2
0.966721 -0.245551 -0.0717969 73.6684 
-0.11772 -0.177792 -0.977001 16.6614 
0.227139 0.95294 -0.200782 805.35 
0 0 0 1 
F_RN measured
0.999816 0.00451299 0.0186336 -0.546927 
-0.00465339 0.999961 0.0074983 378.032 
-0.018599 -0.00758363 0.999798 0.0930679 
0 0 0 1 
F_RN expected
0.996038 0.0889319 0 15.7579 
-0.0889319 0.996038 0 362.489 
0 -0 1 0 
0 0 0 1 
expected needle
20 410 -115
actual needle
-2.47452 424.868 -115.245
difference vector
-22.4745 14.8678 -0.245471
difference magnitude
26.9484
10, 410
F_OM1
0.94226 0.00127684 0.33488 30.7396 
-0.0997836 -0.953499 0.284399 -35.6187 
0.319671 -0.301393 -0.898317 828.023 
0 0 0 1 
F_OM2
0.954726 -0.287538 -0.0762912 82.1732 
-0.129958 -0.17244 -0.976409 15.6618 
0.267599 0.942118 -0.202001 808.653 
0 0 0 1 
F_RN measured
0.999805 0.00429034 0.0192929 -0.570502 
-0.00440042 0.999974 0.00566683 377.996 
-0.0192681 -0.00575062 0.999798 0.0555303 
0 0 0 1 
F_RN expected
0.999005 0.0445984 0 7.87265 
-0.0445984 0.999005 0 362.347 
0 -0 1 0 
0 0 0 1 
expected needle
10 410 -115
actual needle
-2.58454 425.043 -115.196
difference vector
-12.5845 15.0434 -0.195523
difference magnitude
19.6141
5, 410
F_OM1
0.934679 0.00148611 0.355491 34.3315 
-0.105845 -0.953475 0.28228 -35.7343 
0.339371 -0.301468 -0.891036 828.486 
0 0 0 1 
F_OM2
0.947931 -0.309219 -0.0762293 86.4393 
-0.13415 -0.170599 -0.976166 15.2614 
0.288845 0.935564 -0.203198 810.27 
0 0 0 1 
F_RN measured
0.999847 0.00339122 0.0171419 -0.499069 
-0.00349054 0.999977 0.00576775 377.931 
-0.0171219 -0.0058267 0.999836 0.00403998 
0 0 0 1 
F_RN expected
0.999751 0.0223159 0 3.93553 
-0.0223159 0.999751 0 362.312 
0 -0 1 0 
0 0 0 1 
expected needle
5 410 -115
actual needle
-2.30862 424.966 -115.255
difference vector
-7.30862 14.9664 -0.255083
difference magnitude
16.6575
0, 410
F_OM1
0.926657 0.00166503 0.375904 37.8786 
-0.111822 -0.953501 0.279879 -35.8609 
0.358891 -0.301386 -0.883382 829.066 
0 0 0 1 
F_OM2
0.940449 -0.330139 -0.0810152 90.7703 
-0.142038 -0.165109 -0.975994 14.7285 
0.308837 0.92938 -0.202169 811.932 
0 0 0 1 
F_RN measured
0.999817 0.00286714 0.0188966 -0.57856 
-0.00291261 0.999993 0.00237923 377.98 
-0.0188896 -0.00243384 0.999819 -0.0286479 
0 0 0 1 
F_RN expected
1 0 0 0 
0 1 0 362.3 
0 0 1 0 
0 0 0 1 
expected needle
0 410 -115
actual needle
-2.6149 425.406 -115.124
difference vector
-2.6149 15.4063 -0.123882
difference magnitude
15.6271
-5, 410
F_OM1
0.918199 0.00238094 0.396111 41.5834 
-0.117279 -0.953515 0.277589 -35.9644 
0.378359 -0.301337 -0.875237 829.454 
0 0 0 1 
F_OM2
0.932778 -0.351579 -0.0794814 95.0596 
-0.146214 -0.16751 -0.974968 14.4467 
0.329464 0.92105 -0.207656 813.662 
0 0 0 1 
F_RN measured
0.999846 0.00218796 0.0174063 -0.547018 
-0.00231022 0.999973 0.00700722 377.753 
-0.0173905 -0.00704635 0.999824 -0.0702219 
0 0 0 1 
F_RN expected
0.999751 -0.0223159 0 -3.93553 
0.0223159 0.999751 0 362.312 
-0 0 1 0 
0 0 0 1 
expected needle
-5 410 -115
actual needle
-2.44438 424.646 -115.386
difference vector
2.55562 14.6463 -0.386086
difference magnitude
14.8726
-10, 410
F_OM1
0.909502 0.00173242 0.415696 45.1403 
-0.123758 -0.953519 0.274745 -36.1085 
0.39685 -0.301327 -0.867013 830.023 
0 0 0 1 
F_OM2
0.924271 -0.371617 -0.0873163 99.4511 
-0.155777 -0.158349 -0.975017 13.766 
0.348507 0.914782 -0.204247 815.218 
0 0 0 1 
F_RN measured
0.999793 0.00138411 0.0202972 -0.682754 
-0.00139137 0.999999 0.000343651 377.923 
-0.0202967 -0.00037182 0.999794 -0.0978153 
0 0 0 1 
F_RN expected
0.999005 -0.0445984 0 -7.87265 
0.0445984 0.999005 0 362.347 
-0 0 1 0 
0 0 0 1 
expected needle
-10 410 -115
actual needle
-2.95091 425.583 -115.092
difference vector
7.04909 15.5831 -0.0918532
difference magnitude
17.1036
-20, 410
F_OM1
0.8913 0.00388145 0.453398 52.3015 
-0.133608 -0.953315 0.270812 -36.2914 
0.433282 -0.301952 -0.849171 831.143 
0 0 0 1 
F_OM2
0.907126 -0.409477 -0.0972183 107.907 
-0.170591 -0.146578 -0.974379 12.8097 
0.384736 0.900468 -0.202818 818.521 
0 0 0 1 
F_RN measured
0.999681 0.00135086 0.025214 -0.90225 
-0.00114485 0.999966 -0.00818309 378.101 
-0.0252242 0.00815162 0.999649 -0.138956 
0 0 0 1 
F_RN expected
0.996038 -0.0889319 0 -15.7579 
0.0889319 0.996038 0 362.489 
-0 0 1 0 
0 0 0 1 
expected needle
-20 410 -115
actual needle
-3.73742 426.741 -114.71
difference vector
16.2626 16.7407 0.290289
difference magnitude
23.3411
-30, 410
F_OM1
0.871126 0.0053046 0.491032 59.7517 
-0.143823 -0.953337 0.265451 -36.3957 
0.469526 -0.301863 -0.829713 832.018 
0 0 0 1 
F_OM2
0.888099 -0.447316 -0.105779 116.551 
-0.185401 -0.138023 -0.972921 11.969 
0.420603 0.883662 -0.205511 821.811 
0 0 0 1 
F_RN measured
0.999556 0.00158926 0.0297565 -1.13293 
-0.00123209 0.999927 -0.0120178 378.092 
-0.0297735 0.0119758 0.999485 -0.190948 
0 0 0 1 
F_RN expected
0.99115 -0.132743 0 -23.6681 
0.132743 0.99115 0 362.722 
-0 0 1 0 
0 0 0 1 
expected needle
-30 410 -115
actual needle
-4.47913 427.171 -114.56
difference vector
25.5209 17.1707 0.439529
difference magnitude
30.7626
-20, 410
F_OM1
0.88727 -0.00495511 0.461224 53.4828 
-0.145373 -0.951984 0.269431 -35.796 
0.437743 -0.306108 -0.845387 831.181 
0 0 0 1 
F_OM2
0.899311 -0.433371 -0.0585679 108.828 
-0.136554 -0.151057 -0.979048 12.945 
0.415444 0.888466 -0.195026 819.045 
0 0 0 1 
F_RN measured
0.999556 -0.0169156 -0.0245167 0.728755 
0.0169128 0.999857 -0.000320823 377.768 
0.0245186 -9.39652e-05 0.999699 -0.0272992 
0 0 0 1 
F_RN expected
0.996038 -0.0889319 0 -15.7579 
0.0889319 0.996038 0 362.489 
-0 0 1 0 
0 0 0 1 
expected needle
-20 410 -115
actual needle
2.74131 425.498 -114.997
difference vector
22.7413 15.4979 0.00279125
difference magnitude
27.52
-10, 410
F_OM1
0.906086 -0.00726199 0.423031 46.1451 
-0.136004 -0.951786 0.274967 -35.5445 
0.400638 -0.306677 -0.863387 830.26 
0 0 0 1 
F_OM2
0.916699 -0.396982 -0.0454716 100.176 
-0.114441 -0.151811 -0.981762 13.6998 
0.382839 0.905184 -0.184596 815.5 
0 0 0 1 
F_RN measured
0.999094 -0.0197618 -0.0377037 1.22966 
0.0195934 0.999796 -0.00483108 378.059 
0.0377915 0.00408796 0.999277 0.0575304 
0 0 0 1 
F_RN expected
0.999005 -0.0445984 0 -7.87265 
0.0445984 0.999005 0 362.347 
-0 0 1 0 
0 0 0 1 
expected needle
-10 410 -115
actual needle
4.62295 426.305 -114.664
difference vector
14.623 16.3047 0.335638
difference magnitude
21.904
-5, 410
F_OM1
0.915139 -0.00618377 0.40309 42.4034 
-0.129622 -0.951301 0.279687 -35.3217 
0.38173 -0.308202 -0.871374 830.058 
0 0 0 1 
F_OM2
0.925863 -0.375329 -0.0436597 95.7307 
-0.106898 -0.14935 -0.982989 14.2115 
0.362424 0.91478 -0.1784 813.943 
0 0 0 1 
F_RN measured
0.999093 -0.0184218 -0.0383789 1.29471 
0.0179655 0.999764 -0.0122005 378.385 
0.0385946 0.0114999 0.999189 0.0677775 
0 0 0 1 
F_RN expected
0.999751 -0.0223159 0 -3.93553 
0.0223159 0.999751 0 362.312 
-0 0 1 0 
0 0 0 1 
expected needle
-5 410 -115
actual needle
4.82956 427.477 -114.29
difference vector
9.82956 17.477 0.709616
difference magnitude
20.0641
0, 410
F_OM1
0.9236 -0.00734819 0.383287 38.7933 
-0.124482 -0.951387 0.281722 -35.1894 
0.362584 -0.307911 -0.879616 829.551 
0 0 0 1 
F_OM2
0.933743 -0.354989 -0.0459015 91.6 
-0.104933 -0.148869 -0.983274 14.5631 
0.342218 0.922941 -0.176256 812.224 
0 0 0 1 
F_RN measured
0.99922 -0.0182405 -0.0350109 1.19774 
0.0177396 0.999737 -0.014564 378.513 
0.0352673 0.0139316 0.999281 0.0800449 
0 0 0 1 
F_RN expected
1 0 0 0 
0 1 0 362.3 
0 0 1 0 
0 0 0 1 
expected needle
0 410 -115
actual needle
4.35392 427.875 -114.173
difference vector
4.35392 17.8754 0.827289
difference magnitude
18.4166
5, 410
F_OM1
0.931859 -0.00774947 0.362737 35.1847 
-0.118591 -0.951363 0.284332 -35.0758 
0.342891 -0.307975 -0.887455 829.074 
0 0 0 1 
F_OM2
0.941656 -0.333951 -0.0419615 87.2433 
-0.098541 -0.154333 -0.983093 15.0982 
0.321829 0.92987 -0.178236 810.671 
0 0 0 1 
F_RN measured
0.999219 -0.0175404 -0.0354129 1.22846 
0.0171409 0.999786 -0.0115537 378.471 
0.035608 0.0109376 0.999306 0.0859196 
0 0 0 1 
F_RN expected
0.999751 0.0223159 0 3.93553 
-0.0223159 0.999751 0 362.312 
0 -0 1 0 
0 0 0 1 
expected needle
5 410 -115
actual needle
4.46426 427.49 -114.313
difference vector
-0.53574 17.4895 0.687457
difference magnitude
17.5112
10, 410
F_OM1
0.939668 -0.00757512 0.342004 31.6002 
-0.11201 -0.951457 0.286678 -34.9286 
0.32323 -0.30769 -0.894902 828.622 
0 0 0 1 
F_OM2
0.949068 -0.312989 -0.0361617 82.8331 
-0.0898736 -0.158927 -0.983191 15.6581 
0.30198 0.936366 -0.178962 809.125 
0 0 0 1 
F_RN measured
0.999152 -0.0170864 -0.0374525 1.30554 
0.0167557 0.999818 -0.00912499 378.444 
0.0376016 0.00848971 0.999257 0.108165 
0 0 0 1 
F_RN expected
0.999005 0.0445984 0 7.87265 
-0.0445984 0.999005 0 362.347 
0 -0 1 0 
0 0 0 1 
expected needle
10 410 -115
actual needle
4.79756 427.185 -114.401
difference vector
-5.20244 17.185 0.598598
difference magnitude
17.9652
20, 410
F_OM1
0.953547 -0.00774402 0.301146 24.6877 
-0.0996182 -0.951534 0.290962 -34.628 
0.284297 -0.307445 -0.908104 827.48 
0 0 0 1 
F_OM2
0.962061 -0.271908 -0.0224852 74.1774 
-0.0710168 -0.169992 -0.982883 16.7218 
0.263431 0.94719 -0.182853 805.962 
0 0 0 1 
F_RN measured
0.9989 -0.0163634 -0.0439508 1.54222 
0.016292 0.999865 -0.00198331 378.312 
0.0439773 0.00126509 0.999032 0.221621 
0 0 0 1 
F_RN expected
0.996038 0.0889319 0 15.7579 
-0.0889319 0.996038 0 362.489 
0 -0 1 0 
0 0 0 1 
expected needle
20 410 -115
actual needle
5.81602 426.234 -114.607
difference vector
-14.184 16.2341 0.393317
difference magnitude
21.5612
30, 410
F_OM1
0.965789 -0.00961073 0.259153 17.759 
-0.088282 -0.951811 0.293704 -34.304 
0.243842 -0.306534 -0.920097 826.204 
0 0 0 1 
F_OM2
0.973142 -0.229425 -0.0189188 65.7155 
-0.0604542 -0.175396 -0.98264 17.642 
0.222124 0.957393 -0.184555 802.638 
0 0 0 1 
F_RN measured
0.998946 -0.0158845 -0.0430713 1.50046 
0.0159462 0.999872 0.00108813 378.272 
0.0430486 -0.0017738 0.999071 0.258787 
0 0 0 1 
F_RN expected
0.99115 0.132743 0 23.6681 
-0.132743 0.99115 0 362.722 
0 -0 1 0 
0 0 0 1 
expected needle
30 410 -115
actual needle
5.69598 425.841 -114.719
difference vector
-24.304 15.8407 0.280965
difference magnitude
29.012
20, 410
F_OM1
0.955949 0.000201415 0.293532 23.7464 
-0.088384 -0.953393 0.288495 -35.2462 
0.279909 -0.30173 -0.911378 826.868 
0 0 0 1 
F_OM2
0.966642 -0.245701 -0.0723532 73.7033 
-0.118348 -0.177933 -0.9769 16.6683 
0.227152 0.952875 -0.201075 805.361 
0 0 0 1 
F_RN measured
0.999804 0.00445797 0.0192836 -0.569798 
-0.00460613 0.99996 0.00764576 378.018 
-0.0192487 -0.00773308 0.999785 0.104256 
0 0 0 1 
F_RN expected
0.996038 0.0889319 0 15.7579 
-0.0889319 0.996038 0 362.489 
0 -0 1 0 
0 0 0 1 
expected needle
20 410 -115
actual needle
-2.57477 424.837 -115.24
difference vector
-22.5748 14.8367 -0.239866
difference magnitude
27.0149
10, 410
F_OM1
0.942246 0.00136368 0.334919 30.7434 
-0.0997329 -0.953484 0.284467 -35.6105 
0.319727 -0.30144 -0.898281 828.022 
0 0 0 1 
F_OM2
0.95468 -0.287602 -0.0766249 82.1874 
-0.13022 -0.172112 -0.976432 15.6647 
0.267636 0.942158 -0.201763 808.651 
0 0 0 1 
F_RN measured
0.999799 0.00425055 0.0196065 -0.582783 
-0.0043546 0.999977 0.00526717 378.006 
-0.0195837 -0.00535149 0.999794 0.0543611 
0 0 0 1 
F_RN expected
0.999005 0.0445984 0 7.87265 
-0.0445984 0.999005 0 362.347 
0 -0 1 0 
0 0 0 1 
expected needle
10 410 -115
actual needle
-2.63478 425.099 -115.177
difference vector
-12.6348 15.0994 -0.177203
difference magnitude
19.6891
5, 410
F_OM1
0.934686 0.00157851 0.35547 34.3536 
-0.105771 -0.953462 0.282353 -35.7278 
0.339373 -0.30151 -0.891021 828.482 
0 0 0 1 
F_OM2
0.947903 -0.309268 -0.0763726 86.4669 
-0.134343 -0.170712 -0.976119 15.2667 
0.288844 0.935527 -0.203367 810.273 
0 0 0 1 
F_RN measured
0.999843 0.00333331 0.0174091 -0.510901 
-0.00343507 0.999977 0.00581851 377.928 
-0.0173893 -0.0058774 0.999832 0.0106304 
0 0 0 1 
F_RN expected
0.999751 0.0223159 0 3.93553 
-0.0223159 0.999751 0 362.312 
0 -0 1 0 
0 0 0 1 
expected needle
5 410 -115
actual needle
-2.35395 424.957 -115.25
difference vector
-7.35395 14.9575 -0.250346
difference magnitude
16.6694
0, 410
F_OM1
0.926638 0.00173136 0.375951 37.8881 
-0.111753 -0.953521 0.279839 -35.8581 
0.358961 -0.301323 -0.883375 829.073 
0 0 0 1 
F_OM2
0.940397 -0.330214 -0.0813168 90.7868 
-0.142285 -0.164862 -0.976 14.7255 
0.308882 0.929397 -0.20202 811.94 
0 0 0 1 
F_RN measured
0.999811 0.00283288 0.0192105 -0.588083 
-0.00287523 0.999993 0.00217714 377.983 
-0.0192042 -0.00223197 0.999813 -0.0279802 
0 0 0 1 
F_RN expected
1 0 0 0 
0 1 0 362.3 
0 0 1 0 
0 0 0 1 
expected needle
0 410 -115
actual needle
-2.66216 425.432 -115.113
difference vector
-2.66216 15.432 -0.11295
difference magnitude
15.6604
-5, 410
F_OM1
0.918185 0.00238532 0.396145 41.5896 
-0.117282 -0.953518 0.277577 -35.955 
0.378393 -0.301328 -0.875226 829.451 
0 0 0 1 
F_OM2
0.932724 -0.351619 -0.0799341 95.0772 
-0.146628 -0.167318 -0.974938 14.4453 
0.329433 0.921069 -0.207619 813.663 
0 0 0 1 
F_RN measured
0.999839 0.00216868 0.0178236 -0.5608 
-0.00229062 0.999974 0.00682412 377.754 
-0.0178083 -0.00686385 0.999818 -0.0665504 
0 0 0 1 
F_RN expected
0.999751 -0.0223159 0 -3.93553 
0.0223159 0.999751 0 362.312 
-0 0 1 0 
0 0 0 1 
expected needle
-5 410 -115
actual needle
-2.50706 424.668 -115.373
difference vector
2.49294 14.6678 -0.37301
difference magnitude
14.8828
-10, 410
F_OM1
0.909494 0.00186804 0.415713 45.1631 
-0.123672 -0.953499 0.274853 -36.0444 
0.396896 -0.301389 -0.866971 830.036 
0 0 0 1 
F_OM2
0.924269 -0.371565 -0.0875563 99.476 
-0.155968 -0.158217 -0.975008 13.8281 
0.348426 0.914826 -0.204187 815.236 
0 0 0 1 
F_RN measured
0.999787 0.00145853 0.0205973 -0.693998 
-0.00146065 0.999999 8.81311e-05 377.927 
-0.0205972 -0.000118198 0.999788 -0.0957433 
0 0 0 1 
F_RN expected
0.999005 -0.0445984 0 -7.87265 
0.0445984 0.999005 0 362.347 
-0 0 1 0 
0 0 0 1 
expected needle
-10 410 -115
actual needle
-2.99312 425.617 -115.077
difference vector
7.00688 15.6169 -0.0769839
difference magnitude
17.1169
-20, 410
F_OM1
0.891294 0.00398987 0.453408 52.3208 
-0.133545 -0.953297 0.270907 -36.227 
0.433313 -0.302008 -0.849135 831.16 
0 0 0 1 
F_OM2
0.907088 -0.409559 -0.0972226 107.924 
-0.170631 -0.146615 -0.974366 12.8784 
0.384806 0.900425 -0.202876 818.55 
0 0 0 1 
F_RN measured
0.999679 0.00128435 0.0253146 -0.906294 
-0.00107632 0.999966 -0.0082299 378.095 
-0.0253243 0.00820001 0.999646 -0.140007 
0 0 0 1 
F_RN expected
0.996038 -0.0889319 0 -15.7579 
0.0889319 0.996038 0 362.489 
-0 0 1 0 
0 0 0 1 
expected needle
-20 410 -115
actual needle
-3.75621 426.74 -114.708
difference vector
16.2438 16.7399 0.291883
difference magnitude
23.3274
-30, 410
F_OM1
0.871113 0.00536711 0.491054 59.7576 
-0.143802 -0.953321 0.265519 -36.3835 
0.469557 -0.301912 -0.829678 832.011 
0 0 0 1 
F_OM2
0.888053 -0.447468 -0.105519 116.551 
-0.185391 -0.138518 -0.972853 11.9927 
0.420704 0.883507 -0.205968 821.823 
0 0 0 1 
F_RN measured
0.999556 0.00149411 0.0297599 -1.13231 
-0.00115036 0.999932 -0.0115646 378.077 
-0.0297751 0.0115253 0.99949 -0.188738 
0 0 0 1 
F_RN expected
0.99115 -0.132743 0 -23.6681 
0.132743 0.99115 0 362.722 
-0 0 1 0 
0 0 0 1 
expected needle
-30 410 -115
actual needle
-4.48343 427.103 -114.58
difference vector
25.5166 17.1032 0.419646
difference magnitude
30.7212
-20, 410
F_OM1
0.887292 -0.00497838 0.46118 53.4889 
-0.145401 -0.951969 0.269469 -35.7784 
0.437688 -0.306154 -0.845399 831.179 
0 0 0 1 
F_OM2
0.899339 -0.43319 -0.0594689 108.858 
-0.137108 -0.150237 -0.979097 12.9352 
0.4152 0.888693 -0.194508 819.025 
0 0 0 1 
F_RN measured
0.999571 -0.0168467 -0.023949 0.70428 
0.0168227 0.999858 -0.00120304 377.794 
0.0239659 0.000799635 0.999712 -0.0243113 
0 0 0 1 
F_RN expected
0.996038 -0.0889319 0 -15.7579 
0.0889319 0.996038 0 362.489 
-0 0 1 0 
0 0 0 1 
expected needle
-20 410 -115
actual needle
2.65483 425.625 -114.953
difference vector
22.6548 15.6254 0.0468987
difference magnitude
27.5208
-10, 410
F_OM1
0.906099 -0.00728067 0.423003 46.1517 
-0.136013 -0.951784 0.274967 -35.533 
0.400606 -0.306682 -0.863401 830.26 
0 0 0 1 
F_OM2
0.916737 -0.396863 -0.0457488 100.186 
-0.114626 -0.151606 -0.981772 13.7059 
0.382693 0.905271 -0.184474 815.497 
0 0 0 1 
F_RN measured
0.999102 -0.019684 -0.037508 1.22251 
0.0195083 0.999797 -0.00504653 378.062 
0.0375997 0.00431029 0.999284 0.0560639 
0 0 0 1 
F_RN expected
0.999005 -0.0445984 0 -7.87265 
0.0445984 0.999005 0 362.347 
-0 0 1 0 
0 0 0 1 
expected needle
-10 410 -115
actual needle
4.597 426.333 -114.656
difference vector
14.597 16.3326 0.344053
difference magnitude
21.9076
-5, 410
F_OM1
0.915115 -0.0061295 0.403147 42.4232 
-0.129601 -0.951294 0.279721 -35.3143 
0.381797 -0.308225 -0.871337 830.048 
0 0 0 1 
F_OM2
0.925862 -0.37534 -0.0435816 95.7479 
-0.106875 -0.149498 -0.982969 14.2263 
0.362432 0.914751 -0.178529 813.942 
0 0 0 1 
F_RN measured
0.999095 -0.0183547 -0.0383723 1.29427 
0.0179026 0.999767 -0.012092 378.381 
0.0385853 0.0113941 0.99919 0.0650324 
0 0 0 1 
F_RN expected
0.999751 -0.0223159 0 -3.93553 
0.0223159 0.999751 0 362.312 
-0 0 1 0 
0 0 0 1 
expected needle
-5 410 -115
actual needle
4.83157 427.46 -114.298
difference vector
9.83157 17.4604 0.701642
difference magnitude
20.0503
