F_M2N
-1 -1.21744e-16 0 -0.108532 
1.22465e-16 -1 0 28.6202 
-0 0 1 -5.99369 
0 0 0 1 
F_M1R
-1 0 0 -42 
0 -1 0 -5 
0 0 1 -80 
0 0 0 1 
-60, 410
F_OM1
0.998138 0.0311717 0.0524213 78.3255 
0.0582567 -0.232907 -0.970752 -74.4458 
-0.0180507 0.971999 -0.23429 1557.38 
0 0 0 1 
F_OM2
0.972414 -0.212758 0.0956317 74.7959 
0.0515888 -0.203666 -0.97768 83.1261 
0.227486 0.955643 -0.187072 1193.3 
0 0 0 1 
F_RN measured
0.969503 -0.241477 -0.0418741 -46.9612 
0.239413 0.969688 -0.0488563 358.263 
0.0524024 0.0373411 0.997928 5.10803 
0 0 0 1 
F_RN expected
0.951709 -0.307003 0 -45.356 
0.307003 0.951709 0 364.603 
-0 0 1 0 
0 0 0 1 
expected needle
-60 410 -115
actual needle
-53.6642 410.136 -107.872
difference vector
6.33584 0.135812 7.12752
difference magnitude
9.53744
-40, 390
F_OM1
0.998127 0.0303881 0.0530881 78.3878 
0.0587409 -0.234011 -0.970458 -74.4157 
-0.0170672 0.971759 -0.235358 1557.28 
0 0 0 1 
F_OM2
0.987184 -0.148391 0.0587219 57.531 
0.02895 -0.19534 -0.980308 76.4904 
0.156939 0.969444 -0.18854 1212.51 
0 0 0 1 
F_RN measured
0.984357 -0.176133 -0.00424565 -30.7577 
0.175731 0.983269 -0.0479715 338.151 
0.012624 0.046475 0.99884 6.27461 
0 0 0 1 
F_RN expected
0.972174 -0.234259 0 -28.8259 
0.234259 0.972174 0 343.627 
-0 0 1 0 
0 0 0 1 
expected needle
-40 390 -115
actual needle
-38.671 390.57 -106.375
difference vector
1.329 0.569547 8.62491
difference magnitude
8.74526
-40, 410
F_OM1
0.998129 0.0309653 0.0527153 78.3482 
0.0584751 -0.231864 -0.970989 -74.4823 
-0.0178442 0.972255 -0.233241 1557.47 
0 0 0 1 
F_OM2
0.975699 -0.169072 0.139375 57.635 
0.10331 -0.205975 -0.973089 81.1456 
0.19323 0.963841 -0.183503 1195.27 
0 0 0 1 
F_RN measured
0.976467 -0.197999 -0.0854869 -30.6039 
0.194128 0.979622 -0.0515279 356.17 
0.0939474 0.0337199 0.995006 5.35629 
0 0 0 1 
F_RN expected
0.977648 -0.210247 0 -29.9712 
0.210247 0.977648 0 363.366 
-0 0 1 0 
0 0 0 1 
expected needle
-40 410 -115
actual needle
-30.2175 408.823 -107.461
difference vector
9.78255 -1.17666 7.53904
difference magnitude
12.4064
-40, 430
F_OM1
0.998133 0.0310786 0.0525736 78.3335 
0.0583643 -0.231897 -0.970988 -74.4783 
-0.0179852 0.972244 -0.233278 1557.47 
0 0 0 1 
F_OM2
0.981261 -0.149942 0.121016 57.4187 
0.0879605 -0.210216 -0.97369 86.4879 
0.171437 0.966088 -0.193087 1176.31 
0 0 0 1 
F_RN measured
0.981479 -0.179307 -0.0674345 -31.7316 
0.176777 0.983362 -0.0418292 375.684 
0.0738127 0.0291336 0.996846 4.72 
0 0 0 1 
F_RN expected
0.981665 -0.190615 0 -30.9077 
0.190615 0.981665 0 383.175 
-0 0 1 0 
0 0 0 1 
expected needle
-40 430 -115
actual needle
-32.5296 427.401 -108.528
difference vector
7.47042 -2.59935 6.47233
difference magnitude
10.2203
-20, 390
F_OM1
0.99815 0.0301339 0.0528032 78.3649 
0.0584291 -0.235454 -0.970127 -74.3965 
-0.0168009 0.971418 -0.23678 1557.22 
0 0 0 1 
F_OM2
0.997118 -0.058639 0.0481322 39.9772 
0.0358053 -0.195587 -0.980032 75.3183 
0.0668822 0.978932 -0.192924 1213.4 
0 0 0 1 
F_RN measured
0.996242 -0.0864055 0.0059779 -15.6624 
0.0865871 0.995237 -0.0447933 337.196 
-0.00207904 0.0451426 0.998978 6.86056 
0 0 0 1 
F_RN expected
0.99282 -0.119617 0 -14.2943 
0.119617 0.99282 0 342.642 
-0 0 1 0 
0 0 0 1 
expected needle
-20 390 -115
actual needle
-20.4714 389.82 -105.869
difference vector
-0.471367 -0.180245 9.13135
difference magnitude
9.14528
-20, 410
F_OM1
0.998112 0.0318729 0.0525101 78.3213 
0.0584999 -0.23252 -0.970831 -74.4665 
-0.0187335 0.972069 -0.233945 1557.43 
0 0 0 1 
F_OM2
0.990954 -0.0756099 0.110876 39.5358 
0.0921903 -0.216864 -0.971839 80.5466 
0.0975256 0.973269 -0.207932 1196.1 
0 0 0 1 
F_RN measured
0.992649 -0.106386 -0.0577092 -15.6266 
0.10495 0.9941 -0.027382 355.241 
0.0602818 0.0211242 0.997958 5.42368 
0 0 0 1 
F_RN expected
0.994269 -0.106911 0 -14.9004 
0.106911 0.994269 0 362.573 
-0 0 1 0 
0 0 0 1 
expected needle
-20 410 -115
actual needle
-14.0647 405.808 -108.334
difference vector
5.93533 -4.19167 6.66615
difference magnitude
9.86082
-20, 430
F_OM1
0.998148 0.0313819 0.0521153 78.2906 
0.0579919 -0.232036 -0.970977 -74.4876 
-0.0183785 0.972201 -0.233426 1557.48 
0 0 0 1 
F_OM2
0.994204 -0.0650455 0.0856 39.4791 
0.0690678 -0.223732 -0.9722 85.8841 
0.0823887 0.972478 -0.217943 1176.89 
0 0 0 1 
F_RN measured
0.994854 -0.0957724 -0.0330672 -16.5081 
0.0952722 0.995316 -0.016387 375.06 
0.0344817 0.0131523 0.999319 4.73692 
0 0 0 1 
F_RN expected
0.99532 -0.096633 0 -15.3906 
0.096633 0.99532 0 382.523 
-0 0 1 0 
0 0 0 1 
expected needle
-20 430 -115
actual needle
-17.2737 424.421 -109.557
difference vector
2.72631 -5.57855 5.44262
difference magnitude
8.25682
-20, 450
F_OM1
0.998128 0.0321265 0.0520369 78.2847 
0.0580815 -0.231625 -0.97107 -74.4931 
-0.0191441 0.972275 -0.233057 1557.45 
0 0 0 1 
F_OM2
0.999225 -0.0288057 0.02683 37.9626 
0.0191691 -0.239241 -0.970771 91.6526 
0.0343826 0.970533 -0.238503 1158.09 
0 0 0 1 
F_RN measured
0.99781 -0.0612272 0.0250381 -17.3384 
0.0610909 0.998113 0.00617384 394.478 
-0.0253689 -0.00463072 0.999667 3.77639 
0 0 0 1 
F_RN expected
0.996107 -0.0881511 0 -15.7952 
0.0881511 0.996107 0 402.486 
-0 0 1 0 
0 0 0 1 
expected needle
-20 450 -115
actual needle
-23.1383 441.378 -111.406
difference vector
-3.13831 -8.62237 3.59375
difference magnitude
9.8544
0, 370
F_OM1
0.998169 0.031294 0.0517606 78.2708 
0.0576863 -0.235225 -0.970227 -74.4159 
-0.0181869 0.971437 -0.2366 1557.24 
0 0 0 1 
F_OM2
0.997912 0.054807 0.0341811 22.2615 
0.043209 -0.17308 -0.98396 68.3131 
-0.0480118 0.983382 -0.175086 1233.58 
0 0 0 1 
F_RN measured
0.99945 0.0268377 0.0194583 -0.989283 
-0.0255757 0.997721 -0.0624367 316.555 
-0.0210896 0.0619047 0.997859 7.44374 
0 0 0 1 
F_RN expected
1 0 0 0 
0 1 0 322.3 
0 0 1 0 
0 0 0 1 
expected needle
0 370 -115
actual needle
-1.94682 371.327 -104.357
difference vector
-1.94682 1.32659 10.6428
difference magnitude
10.9004
0, 390
F_OM1
0.998145 0.0312309 0.0522563 78.297 
0.0581063 -0.232707 -0.97081 -74.4628 
-0.0181589 0.972045 -0.23409 1557.43 
0 0 0 1 
F_OM2
0.996792 0.0208121 0.0772835 22.3557 
0.079797 -0.183733 -0.979732 73.1753 
-0.00619073 0.982756 -0.184804 1215.65 
0 0 0 1 
F_RN measured
0.999692 -0.00774832 -0.0235674 -0.475989 
0.00654377 0.998689 -0.0507654 335.05 
0.0239299 0.0505956 0.998432 6.32538 
0 0 0 1 
F_RN expected
1 0 0 0 
0 1 0 342.3 
0 0 1 0 
0 0 0 1 
expected needle
0 390 -115
actual needle
1.86467 388.526 -106.081
difference vector
1.86467 -1.47404 8.91905
difference magnitude
9.23034
0, 410
F_OM1
0.998148 0.0311276 0.0522656 78.3043 
0.0580862 -0.232442 -0.970874 -74.4803 
-0.0180723 0.972112 -0.233819 1557.48 
0 0 0 1 
F_OM2
0.997872 0.0247395 0.0603238 21.8174 
0.06418 -0.209715 -0.975654 79.0631 
-0.0114864 0.97745 -0.210857 1196.47 
0 0 0 1 
F_RN measured
0.99996 -0.00515258 -0.0073507 -0.760607 
0.00497717 0.999707 -0.0236843 354.914 
0.00747058 0.0236468 0.999692 5.71813 
0 0 0 1 
F_RN expected
1 0 0 0 
0 1 0 362.3 
0 0 1 0 
0 0 0 1 
expected needle
0 410 -115
actual needle
-0.161054 405.324 -108.119
difference vector
-0.161054 -4.67603 6.88145
difference magnitude
8.32139
0, 430
F_OM1
0.99816 0.0320388 0.051489 78.2339 
0.057545 -0.232487 -0.970896 -74.4875 
-0.0191358 0.972072 -0.233903 1557.44 
0 0 0 1 
F_OM2
0.998526 0.0274078 0.0468433 21.2513 
0.0518405 -0.226195 -0.972702 84.8954 
-0.0160639 0.973696 -0.227282 1177.43 
0 0 0 1 
F_RN measured
0.999979 -0.00429148 0.00486778 -1.3635 
0.00432408 0.999968 -0.00670649 374.696 
-0.00483884 0.0067274 0.999966 5.02001 
0 0 0 1 
F_RN expected
1 0 0 0 
0 1 0 382.3 
0 0 1 0 
0 0 0 1 
expected needle
0 430 -115
actual needle
-2.128 423.165 -109.655
difference vector
-2.128 -6.83475 5.34486
difference magnitude
8.93363
0, 450
F_OM1
0.998147 0.0318425 0.0518515 78.259 
0.057814 -0.230556 -0.97134 -74.5021 
-0.0189752 0.972538 -0.231969 1557.54 
0 0 0 1 
F_OM2
0.998507 0.052346 0.0156031 20.0614 
0.0275987 -0.236979 -0.971123 90.5502 
-0.0471368 0.970103 -0.23807 1158.6 
0 0 0 1 
F_RN measured
0.999147 0.0201404 0.0360529 -1.70656 
-0.0204104 0.999766 0.00713762 394.232 
-0.0359007 -0.00786738 0.999324 3.43368 
0 0 0 1 
F_RN expected
1 0 0 0 
0 1 0 402.3 
0 0 1 0 
0 0 0 1 
expected needle
0 450 -115
actual needle
-4.89194 441.1 -111.864
difference vector
-4.89194 -8.90024 3.1361
difference magnitude
10.6292
20, 390
F_OM1
0.998197 0.0307035 0.0515678 78.2544 
0.0573692 -0.235779 -0.970112 -74.4113 
-0.0176272 0.971322 -0.237115 1557.25 
0 0 0 1 
F_OM2
0.982388 0.185761 -0.0201523 3.41467 
0.0146858 -0.18428 -0.982764 73.1761 
-0.186273 0.96516 -0.183763 1214.71 
0 0 0 1 
F_RN measured
0.984743 0.157841 0.0732571 13.3501 
-0.154231 0.986633 -0.0526033 336.872 
-0.0805809 0.0405023 0.995925 7.04833 
0 0 0 1 
F_RN expected
0.99282 0.119617 0 14.2943 
-0.119617 0.99282 0 342.642 
0 -0 1 0 
0 0 0 1 
expected needle
20 390 -115
actual needle
12.4546 389.984 -105.551
difference vector
-7.54539 -0.0159386 9.44893
difference magnitude
12.092
20, 410
F_OM1
0.998201 0.0309912 0.0513197 78.2219 
0.0571359 -0.232529 -0.97091 -74.4958 
-0.0181564 0.972096 -0.233881 1557.49 
0 0 0 1 
F_OM2
0.988099 0.153807 -0.00182513 2.97787 
0.0308329 -0.209676 -0.977285 78.3592 
-0.150696 0.965598 -0.211923 1196.99 
0 0 0 1 
F_RN measured
0.99082 0.124019 0.0538121 14.0653 
-0.123038 0.992176 -0.0211805 355.034 
-0.0560179 0.0143651 0.998326 5.64351 
0 0 0 1 
F_RN expected
0.994269 0.106911 0 14.9004 
-0.106911 0.994269 0 362.573 
0 -0 1 0 
0 0 0 1 
expected needle
20 410 -115
actual needle
13.7926 404.796 -108.479
difference vector
-6.20741 -5.20359 6.52119
difference magnitude
10.3988
20, 430
F_OM1
0.998154 0.0317965 0.0517517 78.2561 
0.0577294 -0.231747 -0.971062 -74.5025 
-0.0188831 0.972256 -0.233154 1557.48 
0 0 0 1 
F_OM2
0.986033 0.164998 -0.0227015 1.77046 
0.0146893 -0.221924 -0.974953 83.9313 
-0.165904 0.961002 -0.221248 1178.12 
0 0 0 1 
F_RN measured
0.988193 0.133735 0.0747653 13.8661 
-0.133353 0.991017 -0.0101105 374.674 
-0.0754458 2.10199e-05 0.99715 4.65868 
0 0 0 1 
F_RN expected
0.99532 0.096633 0 15.3906 
-0.096633 0.99532 0 382.523 
0 -0 1 0 
0 0 0 1 
expected needle
20 430 -115
actual needle
11.6473 423.109 -110.013
difference vector
-8.35271 -6.89132 4.98744
difference magnitude
11.9219
20, 450
F_OM1
0.998112 0.0318945 0.0524895 78.3156 
0.0584713 -0.231812 -0.971002 -74.5014 
-0.0188019 0.972237 -0.23324 1557.53 
0 0 0 1 
F_OM2
0.988583 0.149454 -0.0191767 1.81414 
0.0166524 -0.234854 -0.971888 89.5242 
-0.149756 0.960472 -0.234662 1158.96 
0 0 0 1 
F_RN measured
0.990506 0.117381 0.071556 13.5916 
-0.117928 0.993016 0.00346285 394.507 
-0.0706498 -0.0118685 0.997431 4.02977 
0 0 0 1 
F_RN expected
0.996107 0.0881511 0 15.7952 
-0.0881511 0.996107 0 402.486 
0 -0 1 0 
0 0 0 1 
expected needle
20 450 -115
actual needle
10.9617 441.476 -111.241
difference vector
-9.03829 -8.52418 3.75912
difference magnitude
12.9801
40, 390
F_OM1
0.998402 0.024695 0.0508382 70.4749 
0.0525341 -0.0737268 -0.995894 -66.9849 
-0.0208455 0.996973 -0.0749063 1401.55 
0 0 0 1 
F_OM2
0.962464 0.269747 -0.0299817 -12.8599 
-0.0234857 -0.0272779 -0.999352 65.0799 
-0.27039 0.962545 -0.0199188 1093.33 
0 0 0 1 
F_RN measured
0.965328 0.247818 0.0820187 20.359 
-0.244072 0.968303 -0.0530801 286.667 
-0.0925732 0.0312213 0.995216 -39.5396 
0 0 0 1 
F_RN expected
0.972174 0.234259 0 28.8259 
-0.234259 0.972174 0 343.627 
0 -0 1 0 
0 0 0 1 
expected needle
40 390 -115
actual needle
22.7478 338.959 -152.5
difference vector
-17.2522 -51.0405 -37.5002
difference magnitude
65.6433
40, 410
F_OM1
0.998182 0.0307853 0.0518198 78.2662 
0.0575814 -0.232926 -0.970788 -74.4773 
-0.0178159 0.972007 -0.234275 1557.42 
0 0 0 1 
F_OM2
0.957279 0.279677 -0.0734627 -15.6676 
-0.0123004 -0.214437 -0.97666 77.7345 
-0.288903 0.935841 -0.201836 1197.4 
0 0 0 1 
F_RN measured
0.959978 0.250148 0.125971 28.7742 
-0.24848 0.968202 -0.0290422 355.723 
-0.12923 -0.00342138 0.991609 5.85082 
0 0 0 1 
F_RN expected
0.977648 0.210247 0 29.9712 
-0.210247 0.977648 0 363.366 
0 -0 1 0 
0 0 0 1 
expected needle
40 410 -115
actual needle
26.2197 405.246 -108.347
difference vector
-13.7803 -4.75403 6.65262
difference magnitude
16.0236
40, 430
F_OM1
0.998133 0.0314373 0.0523654 78.3039 
0.0582532 -0.232307 -0.970897 -74.4765 
-0.0183576 0.972134 -0.233705 1557.39 
0 0 0 1 
F_OM2
0.961056 0.26534 -0.0772448 -16.4672 
-0.0169748 -0.222307 -0.974829 83.1036 
-0.275833 0.938176 -0.209145 1178.47 
0 0 0 1 
F_RN measured
0.963336 0.234671 0.130048 29.0673 
-0.23399 0.972018 -0.0207142 375.225 
-0.13127 -0.0104753 0.991291 4.94232 
0 0 0 1 
F_RN expected
0.981665 0.190615 0 30.9077 
-0.190615 0.981665 0 383.175 
0 -0 1 0 
0 0 0 1 
expected needle
40 430 -115
actual needle
25.3056 423.972 -109.556
difference vector
-14.6944 -6.02771 5.44415
difference magnitude
16.7898
60, 410
F_OM1
0.998151 0.0300069 0.0528541 78.3643 
0.0584471 -0.235377 -0.970145 -74.4202 
-0.0166704 0.971441 -0.236696 1557.29 
0 0 0 1 
F_OM2
0.926394 0.359142 -0.11319 -33.087 
-0.0428717 -0.198043 -0.979255 77.0075 
-0.374108 0.912028 -0.168069 1196.01 
0 0 0 1 
F_RN measured
0.928412 0.331699 0.167413 43.9761 
-0.325535 0.943373 -0.0638289 358.299 
-0.179105 0.00476064 0.983818 6.66409 
0 0 0 1 
F_RN expected
0.951709 0.307003 0 45.356 
-0.307003 0.951709 0 364.603 
0 -0 1 0 
0 0 0 1 
expected needle
60 410 -115
actual needle
40.5456 410.638 -106.248
difference vector
-19.4544 0.637905 8.75205
difference magnitude
21.342
